Sample	Samtools_mqc-generalstats-samtools-flagstat_total	Samtools_mqc-generalstats-samtools-mapped_passed	STAR_mqc-generalstats-star-uniquely_mapped_percent	STAR_mqc-generalstats-star-uniquely_mapped	FastQC_mqc-generalstats-fastqc-percent_duplicates	FastQC_mqc-generalstats-fastqc-percent_gc	FastQC_mqc-generalstats-fastqc-avg_sequence_length	FastQC_mqc-generalstats-fastqc-percent_fails	FastQC_mqc-generalstats-fastqc-total_sequences	Picard_mqc-generalstats-picard-PERCENT_DUPLICATION	Picard_mqc-generalstats-picard-summed_median	Picard_mqc-generalstats-picard-summed_mean	featureCounts_mqc-generalstats-featurecounts-percent_assigned	featureCounts_mqc-generalstats-featurecounts-Assigned
RSQ_178	99474710	99474710	83.25	36560731.0										
RSQ_178_R1					82.46788007901415	49.0	147.25263352867486	27.27272727272727	43914369.0					
RSQ_178_R2					65.58629616726844	50.0	146.98994896180793	27.27272727272727	43914369.0					
RSQ_178__STARpass1			85.4	37500919.0										
RSQ_178_libComplexityPicard										0.347664				
RSQ_178_sorted											266	455.15951000000007		
RSQ_178_sorted_q10	73110850	73110850								0.833504				
RSQ_178_sorted_q10_mrkDup	73110850	73110850											87.67759368137561	32050917
RSQ_178_sorted_q10_rmDup	12172688	12172688											87.95289914602263	5353116
RSQ_179	104406301	104406301	77.87	35954821.0										
RSQ_179_R1					92.67984317247391	51.0	148.37735884280283	27.27272727272727	46173912.0					
RSQ_179_R2					79.3249470048932	54.0	148.16533268829377	18.181818181818183	46173912.0					
RSQ_179__STARpass1			78.26	36134189.0										
RSQ_179_libComplexityPicard										0.769398				
RSQ_179_sorted											485	1234.409919		
RSQ_179_sorted_q10	71892742	71892742								0.973141				
RSQ_179_sorted_q10_mrkDup	71892742	71892742											85.3678581351091	30686647
RSQ_179_sorted_q10_rmDup	1930976	1930976											80.36081235603135	775874
RSQ_180	84954646	84954646	78.43	31714480.0										
RSQ_180_R1					89.31543292413944	48.0	147.56311705746623	27.27272727272727	40438292.0					
RSQ_180_R2					72.21449486754491	49.0	147.24115160452376	27.27272727272727	40438292.0					
RSQ_180__STARpass1			79.28	32058562.0										
RSQ_180_libComplexityPicard										0.530694				
RSQ_180_sorted											299	480.922592		
RSQ_180_sorted_q10	63418272	63418272								0.926667				
RSQ_180_sorted_q10_mrkDup	63418272	63418272											88.92215795472951	28196448
RSQ_180_sorted_q10_rmDup	4650632	4650632											87.01931264395893	2023474
RSQ_181	85759011	85759011	82.3	34479147.0										
RSQ_181_R1					89.09277375628247	47.0	147.7896590477729	27.27272727272727	41896896.0					
RSQ_181_R2					72.60897672859062	48.0	147.3028109767368	27.27272727272727	41896896.0					
RSQ_181__STARpass1			83.81	35115385.0										
RSQ_181_libComplexityPicard										0.50651				
RSQ_181_sorted											293	491.247688		
RSQ_181_sorted_q10	68943234	68943234								0.91982				
RSQ_181_sorted_q10_mrkDup	68943234	68943234											88.68446467132655	30570969
RSQ_181_sorted_q10_rmDup	5527852	5527852											86.61205111859	2393893
RSQ_182	102953381	102953381	84.55	39782764.0										
RSQ_182_R1					87.35810122582976	48.0	148.6465645892184	27.27272727272727	47051986.0					
RSQ_182_R2					66.39899752406765	50.0	148.40174682530935	27.27272727272727	47051986.0					
RSQ_182__STARpass1			85.38	40175236.0										
RSQ_182_libComplexityPicard										0.482037				
RSQ_182_sorted											348	700.60666		
RSQ_182_sorted_q10	79551104	79551104								0.907578				
RSQ_182_sorted_q10_mrkDup	79551104	79551104											88.93951239193362	35376182
RSQ_182_sorted_q10_rmDup	7352286	7352286											87.63630794558318	3221636
RSQ_183	106524025	106524025	78.87	34009737.0										
RSQ_183_R1					89.40520022201977	51.0	148.08325119002572	27.27272727272727	43122807.0					
RSQ_183_R2					70.18877467026277	53.0	147.8544354499001	36.36363636363637	43122807.0					
RSQ_183__STARpass1			80.05	34518041.0										
RSQ_183_libComplexityPicard										0.547887				
RSQ_183_sorted											329	796.151915		
RSQ_183_sorted_q10	68008204	68008204								0.922059				
RSQ_183_sorted_q10_mrkDup	68008204	68008204											87.34020089693885	29699251
RSQ_183_sorted_q10_rmDup	5300634	5300634											87.73542938448496	2325267
RSQ_184	82653268	82653268	85.57	33974666.0										
RSQ_184_R1					72.07784009671052	46.0	148.25038125964105	18.181818181818183	39703914.0					
RSQ_184_R2					46.21407268794453	47.0	147.95531790644117	9.090909090909092	39703914.0					
RSQ_184__STARpass1			86.42	34310584.0										
RSQ_184_libComplexityPicard										0.271767				
RSQ_184_sorted											255	331.2471		
RSQ_184_sorted_q10	67939204	67939204								0.739566				
RSQ_184_sorted_q10_mrkDup	67939204	67939204											60.679771873688715	20612677
RSQ_184_sorted_q10_rmDup	17693696	17693696											43.59986743301117	3857214
RSQ_188	102518375	102518375	87.23	40438651.0										
RSQ_188_R1					88.0898358701766	49.0	148.3611022618703	27.27272727272727	46359909.0					
RSQ_188_R2					67.54758449103818	51.0	148.21638951016922	36.36363636363637	46359909.0					
RSQ_188__STARpass1			89.08	41299262.0										
RSQ_188_libComplexityPicard										0.408797				
RSQ_188_sorted											314	568.453228		
RSQ_188_sorted_q10	80868804	80868804								0.853122				
RSQ_188_sorted_q10_mrkDup	80868804	80868804											85.59923304912486	34611538
RSQ_188_sorted_q10_rmDup	11877884	11877884											87.98597460625142	5225436
RSQ_190	135521610	135521610	80.09	47657018.0										
RSQ_190_R1					94.3512637366311	52.0	148.88158541491816	27.27272727272727	59503540.0					
RSQ_190_R2					82.68710388364438	54.0	148.73950166662354	27.27272727272727	59503540.0					
RSQ_190__STARpass1			81.23	48335970.0										
RSQ_190_libComplexityPicard										0.780856				
RSQ_190_sorted											395	1026.739293		
RSQ_190_sorted_q10	95301632	95301632								0.976938				
RSQ_190_sorted_q10_mrkDup	95301632	95301632											85.04788669306313	40526012
RSQ_190_sorted_q10_rmDup	2197820	2197820											86.97290951943289	955754
RSQ_192	100263556	100263556	85.07	37013755.0										
RSQ_192_R1					92.45071635128022	50.0	148.60913687721848	27.27272727272727	43509198.0					
RSQ_192_R2					74.84544786571216	53.0	148.45519820889368	36.36363636363637	43509198.0					
RSQ_192__STARpass1			86.72	37729043.0										
RSQ_192_libComplexityPicard										0.620839				
RSQ_192_sorted											333	663.239435		
RSQ_192_sorted_q10	74019604	74019604								0.944159				
RSQ_192_sorted_q10_mrkDup	74019604	74019604											86.07446481340267	31855989
RSQ_192_sorted_q10_rmDup	4133298	4133298											87.52008686525869	1808733
