Sample	total_reads	avg_input_read_length	uniquely_mapped	uniquely_mapped_percent	avg_mapped_read_length	num_splices	num_annotated_splices	num_GTAG_splices	num_GCAG_splices	num_ATAC_splices	num_noncanonical_splices	mismatch_rate	deletion_rate	deletion_length	insertion_rate	insertion_length	multimapped	multimapped_percent	multimapped_toomany	multimapped_toomany_percent	unmapped_mismatches_percent	unmapped_tooshort_percent	unmapped_other_percent	unmapped_mismatches	unmapped_tooshort	unmapped_other
RSQ_067	45403444.0	291.0	34696418.0	76.42	288.98	25588135.0	25439754.0	25118817.0	210030.0	25437.0	233851.0	0.5	0.02	1.68	0.02	1.27	2766914.0	6.09	98124.0	0.22	0.0	17.07	0.2	0	7751172	90816
RSQ_067__STARpass1	45403444.0	291.0	34977401.0	77.04	288.99	25066470.0	24335394.0	24691848.0	166411.0	20309.0	187902.0	0.5	0.02	1.68	0.02	1.26	2522973.0	5.56	87205.0	0.19	0.0	17.0	0.21	0	7720494	95371
RSQ_068	45175869.0	293.0	36411181.0	80.6	289.77	30047094.0	29832841.0	29508353.0	231422.0	21955.0	285364.0	0.51	0.03	1.68	0.01	1.31	2904261.0	6.43	95957.0	0.21	0.0	12.52	0.24	0	5656047	108423
RSQ_068__STARpass1	45175869.0	293.0	36725515.0	81.29	289.86	28569955.0	27656894.0	28108757.0	194756.0	21680.0	244762.0	0.51	0.03	1.68	0.01	1.29	2632618.0	5.83	86223.0	0.19	0.0	12.45	0.24	0	5623116	108397
RSQ_069	47351523.0	288.0	11607018.0	24.51	287.38	10694395.0	10621422.0	10493098.0	84146.0	8098.0	109053.0	0.52	0.02	1.68	0.01	1.37	1212889.0	2.56	45538.0	0.1	0.0	72.69	0.14	0	34419786	66292
RSQ_069__STARpass1	47351523.0	288.0	11718957.0	24.75	287.44	10592567.0	10309796.0	10419997.0	71918.0	7951.0	92701.0	0.52	0.02	1.68	0.02	1.34	1110205.0	2.34	44720.0	0.09	0.0	72.67	0.14	0	34411347	66294
RSQ_070	47457204.0	296.0	37852868.0	79.76	290.84	28827802.0	28652545.0	28355557.0	217134.0	22088.0	233023.0	0.5	0.03	1.69	0.01	1.26	1977168.0	4.17	41418.0	0.09	0.0	15.79	0.19	0	7495556	90194
RSQ_070__STARpass1	47457204.0	296.0	38292566.0	80.69	290.84	28433845.0	27490875.0	28028884.0	179052.0	22078.0	203831.0	0.5	0.03	1.7	0.01	1.24	1541513.0	3.25	37324.0	0.08	0.0	15.83	0.15	0	7514595	71206
RSQ_071	48365292.0	294.0	39949470.0	82.6	290.1	31327060.0	31118123.0	30758866.0	252096.0	22990.0	293108.0	0.51	0.03	1.66	0.01	1.3	2659366.0	5.5	76305.0	0.16	0.0	11.55	0.19	0	5588224	91927
RSQ_071__STARpass1	48365292.0	294.0	40363433.0	83.46	290.12	30800572.0	29810923.0	30336794.0	197133.0	22805.0	243840.0	0.51	0.03	1.66	0.01	1.28	2266129.0	4.69	64701.0	0.13	0.0	11.51	0.22	0	5564667	106362
RSQ_072	43253572.0	296.0	31591819.0	73.04	291.34	28913780.0	28748815.0	28398618.0	226096.0	24422.0	264644.0	0.5	0.03	1.74	0.01	1.33	2002432.0	4.63	58830.0	0.14	0.0	22.03	0.16	0	9531267	69224
RSQ_072__STARpass1	43253572.0	296.0	31788422.0	73.49	291.34	28715037.0	27927828.0	28269730.0	199495.0	24082.0	221730.0	0.5	0.03	1.74	0.01	1.32	1815315.0	4.2	56196.0	0.13	0.0	22.03	0.15	0	9528759	64880
RSQ_073	47290557.0	296.0	37146257.0	78.55	291.2	43901695.0	43724553.0	43302778.0	294629.0	31307.0	272981.0	0.52	0.02	1.96	0.01	1.4	3463395.0	7.32	161078.0	0.34	0.0	13.57	0.22	0	6415812	104015
RSQ_073__STARpass1	47290557.0	296.0	37356875.0	78.99	291.36	43187033.0	42394897.0	42650102.0	273264.0	30975.0	232692.0	0.51	0.02	1.96	0.01	1.39	3386216.0	7.16	120643.0	0.26	0.0	13.15	0.44	0	6218743	208080
RSQ_074	48452104.0	297.0	41568247.0	85.79	289.78	35981449.0	35784556.0	35450525.0	255981.0	27242.0	247701.0	0.56	0.02	1.57	0.01	1.29	2382083.0	4.92	56763.0	0.12	0.0	9.07	0.11	0	4391748	53263
RSQ_074__STARpass1	48452104.0	297.0	42145746.0	86.98	289.81	34731586.0	33504743.0	34272691.0	222899.0	26296.0	209700.0	0.56	0.02	1.57	0.01	1.26	1810840.0	3.74	56322.0	0.12	0.0	9.05	0.11	0	4385887	53309
RSQ_076	59050697.0	296.0	45336976.0	76.78	291.33	54751829.0	54535895.0	53992032.0	376456.0	40255.0	343086.0	0.48	0.02	1.62	0.02	1.44	4286289.0	7.26	237852.0	0.4	0.0	11.49	4.07	0	6785879	2403701
RSQ_076__STARpass1	59050697.0	296.0	45561218.0	77.16	291.41	53692154.0	52719898.0	53009300.0	357942.0	40121.0	284791.0	0.48	0.02	1.62	0.02	1.43	4151226.0	7.03	249846.0	0.42	0.0	14.6	0.79	0	8621881	466526
RSQ_077	50483279.0	296.0	41419727.0	82.05	288.34	40290820.0	40104358.0	39728834.0	286852.0	26751.0	248383.0	0.54	0.02	1.69	0.01	1.31	2301402.0	4.56	63529.0	0.13	0.0	13.09	0.18	0	6607758	90863
RSQ_077__STARpass1	50483279.0	296.0	41861963.0	82.92	288.36	39820013.0	38522965.0	39326535.0	245603.0	26275.0	221600.0	0.54	0.02	1.68	0.01	1.3	1871811.0	3.71	54940.0	0.11	0.0	13.01	0.26	0	6563398	131167
RSQ_078	47183424.0	289.0	36503044.0	77.36	288.77	31547914.0	31335978.0	31003114.0	251607.0	24879.0	268314.0	0.46	0.02	1.56	0.01	1.29	4179538.0	8.86	209962.0	0.44	0.0	12.94	0.39	0	6106826	184054
RSQ_078__STARpass1	47183424.0	289.0	37050205.0	78.52	288.85	30921085.0	29937902.0	30469028.0	196577.0	23904.0	231576.0	0.46	0.02	1.56	0.02	1.26	3827015.0	8.11	215057.0	0.46	0.0	12.51	0.4	0	5902421	188726
RSQ_132	41201097.0	291.0	34097358.0	82.76	286.52	26668846.0	26497172.0	26263576.0	187361.0	18693.0	199216.0	0.43	0.03	1.51	0.02	1.29	2952316.0	7.17	151699.0	0.37	0.0	9.5	0.2	0	3917255	82469
RSQ_132__STARpass1	41201097.0	291.0	34470837.0	83.66	286.74	24652231.0	23791661.0	24311087.0	156363.0	17135.0	167646.0	0.43	0.03	1.51	0.02	1.26	2620726.0	6.36	159778.0	0.39	0.0	9.31	0.28	0	3834435	115321
RSQ_134	52633196.0	286.0	33483262.0	63.62	283.08	28531239.0	28331149.0	27971318.0	220227.0	23397.0	316297.0	0.47	0.03	1.67	0.02	1.47	6300314.0	11.97	454107.0	0.86	0.0	22.9	0.65	0	12053386	342127
RSQ_134__STARpass1	52633196.0	286.0	33478308.0	63.61	283.54	26760560.0	26092035.0	26315865.0	188633.0	20272.0	235790.0	0.47	0.03	1.68	0.02	1.46	6812812.0	12.94	395054.0	0.75	0.0	21.54	1.16	0	11336513	610509
RSQ_135	54447632.0	291.0	38823379.0	71.3	288.21	36168275.0	35947232.0	35567396.0	274366.0	24654.0	301859.0	0.47	0.02	1.56	0.02	1.32	6758043.0	12.41	426455.0	0.78	0.0	13.65	1.85	0	7432429	1007326
RSQ_135__STARpass1	54447632.0	291.0	39054141.0	71.73	288.54	33831273.0	32842011.0	33345886.0	221438.0	24063.0	239886.0	0.47	0.02	1.56	0.02	1.3	6775383.0	12.44	354525.0	0.65	0.0	14.7	0.48	0	8002284	261299
RSQ_138	47085513.0	296.0	40417675.0	85.84	291.74	22976887.0	22855552.0	22527597.0	217601.0	17801.0	213888.0	0.59	0.02	1.46	0.01	1.28	1903584.0	4.04	31219.0	0.07	0.0	9.61	0.44	0	4525818	207217
RSQ_138__STARpass1	47085513.0	296.0	40689114.0	86.42	291.74	22606057.0	22028691.0	22272364.0	171671.0	17658.0	144364.0	0.59	0.02	1.46	0.01	1.26	1622732.0	3.45	31929.0	0.07	0.0	9.64	0.43	0	4539261	202477
RSQ_141	42233450.0	295.0	34676421.0	82.11	290.99	28658744.0	28541925.0	28173985.0	258186.0	19109.0	207464.0	0.52	0.02	1.72	0.01	1.4	2469344.0	5.85	50321.0	0.12	0.0	11.51	0.42	0	4860022	177342
RSQ_141__STARpass1	42233450.0	295.0	34808522.0	82.42	290.98	28455893.0	27920021.0	28067886.0	211921.0	18493.0	157593.0	0.52	0.02	1.72	0.02	1.38	2359815.0	5.59	49725.0	0.12	0.0	11.5	0.38	0	4854963	160425
RSQ_160b	46960305.0	288.0	38862238.0	82.76	284.57	28593429.0	28399532.0	28139918.0	211625.0	20436.0	221450.0	0.5	0.03	1.49	0.01	1.25	3381990.0	7.2	176977.0	0.38	0.0	8.73	0.94	0	4097864	441236
RSQ_160b__STARpass1	46960305.0	288.0	39186942.0	83.45	284.84	26472489.0	25490960.0	26092285.0	167695.0	20058.0	192451.0	0.5	0.03	1.49	0.02	1.23	3123292.0	6.65	201260.0	0.43	0.0	9.16	0.31	0	4303179	145632
RSQ_169b	42282714.0	295.0	35034061.0	82.86	290.54	25026552.0	24913816.0	24593618.0	237162.0	17306.0	178466.0	0.52	0.02	1.55	0.01	1.32	2106325.0	4.98	41440.0	0.1	0.0	11.83	0.23	0	5003607	97281
RSQ_169b__STARpass1	42282714.0	295.0	35311495.0	83.51	290.52	24644658.0	24027293.0	24315063.0	173902.0	16944.0	138749.0	0.52	0.02	1.55	0.01	1.29	1845509.0	4.36	38017.0	0.09	0.0	11.88	0.15	0	5024255	63438
RSQ_171b	44499476.0	287.0	36651578.0	82.36	283.13	25196258.0	25023892.0	24842744.0	144005.0	19652.0	189857.0	0.46	0.03	1.48	0.01	1.26	3575381.0	8.03	149671.0	0.34	0.0	9.08	0.19	0	4038343	84503
RSQ_171b__STARpass1	44499476.0	287.0	37304527.0	83.83	283.38	22727162.0	21639085.0	22414321.0	127683.0	19277.0	165881.0	0.45	0.03	1.48	0.02	1.2	3015814.0	6.78	139586.0	0.31	0.0	8.84	0.23	0	3937113	102436
RSQ_177	38125062.0	294.0	31525109.0	82.69	286.98	19763823.0	19635434.0	19387612.0	167726.0	13565.0	194920.0	0.51	0.03	1.65	0.02	1.42	2405540.0	6.31	74044.0	0.19	0.0	10.38	0.43	0	3956469	163900
RSQ_177__STARpass1	38125062.0	294.0	31694132.0	83.13	287.01	19481673.0	18900741.0	19186968.0	130611.0	13221.0	150873.0	0.51	0.03	1.65	0.02	1.42	2243663.0	5.89	75302.0	0.2	0.0	10.38	0.41	0	3955718	156247
