Sample	total_reads	total_tags	total_assigned_tags	cds_exons_total_bases	cds_exons_tag_count	cds_exons_tags_kb	5_utr_exons_total_bases	5_utr_exons_tag_count	5_utr_exons_tags_kb	3_utr_exons_total_bases	3_utr_exons_tag_count	3_utr_exons_tags_kb	introns_total_bases	introns_tag_count	introns_tags_kb	tss_up_1kb_total_bases	tss_up_1kb_tag_count	tss_up_1kb_tags_kb	tss_up_5kb_tags_kb	tss_up_10kb_tags_kb	tes_down_1kb_total_bases	tes_down_1kb_tag_count	tes_down_1kb_tags_kb	tes_down_5kb_tags_kb	tes_down_10kb_tags_kb	other_intergenic_tag_count	cds_exons_tag_pct	5_utr_exons_tag_pct	3_utr_exons_tag_pct	introns_tag_pct	tss_up_1kb_tag_pct	tss_up_5kb_tag_pct	tss_up_10kb_tag_pct	tes_down_1kb_tag_pct	tes_down_5kb_tag_pct	tes_down_10kb_tag_pct	other_intergenic_tag_pct	tss_up_5kb-10kb_total_bases	tss_up_1kb-5kb_total_bases	tss_up_5kb-10kb_tag_count	tss_up_1kb-5kb_tag_count	tes_down_5kb-10kb_total_bases	tes_down_1kb-5kb_total_bases	tes_down_5kb-10kb_tag_count	tes_down_1kb-5kb_tag_count
PP091_RSeQC_readDistribution	14821842	17210326	10693731	39015440	5300907	135.87	24544196	1115267	45.44	57343407	2155143	37.58	1587580244	1911064	1.2	26098899	19430	0.74	0.5	0.42	28587031	13107	0.46	0.63	0.55	6516595	30.800735558408366	6.480220072530875	12.522383364498731	11.104170833254408	0.11289733849318136	0.34035380852169794	0.5189675082273282	0.07615776714514298	0.4498229725572891	0.709074308063659	37.864448355016634	96140332	90890313	30740	39146	96398306	95256052	44618	64309
PP097_RSeQC_readDistribution	12701325	14539932	10972252	39015440	5082705	130.27	24544196	909501	37.06	57343407	3228431	56.3	1587580244	1470953	0.93	26098899	17377	0.67	0.7	0.55	28587031	16064	0.56	0.96	0.74	3567680	34.956869124284765	6.255194315901889	22.203893388222173	10.116642911397385	0.11951225081382774	0.5635239559579783	0.8116337820562023	0.1104819472333158	0.8214825213763035	1.1186503485710937	24.537116129566495	96140332	90890313	36075	64559	96398306	95256052	43208	103379
PP098_RSeQC_readDistribution	41628835	50601976	39035890	39015440	19809802	507.74	24544196	3060084	124.68	57343407	5603901	97.73	1587580244	9131877	5.75	26098899	91279	3.5	3.19	3.11	28587031	85121	2.98	3.35	3.48	11566086	39.14827752971544	6.04736068014419	11.074470688654529	18.046483006908662	0.18038623630033737	0.737935609471061	1.310456729990149	0.1682167510612629	0.8188751364175977	1.51596649111094	22.856984873476087	96140332	90890313	289707	282131	96398306	95256052	352742	329246
PP099_RSeQC_readDistribution	26039065	30509441	20306870	39015440	10260257	262.98	24544196	2106582	85.83	57343407	3790355	66.1	1587580244	3655620	2.3	26098899	40724	1.56	1.13	1.05	28587031	31519	1.1	1.28	1.23	10202571	33.6297770909667	6.904688945300571	12.423547845403002	11.98193044572662	0.13347999394679175	0.4330593929924838	0.7324257432314147	0.10330900523546138	0.5194359346013583	0.8869287378946078	33.44070119147709	96140332	90890313	91335	91400	96398306	95256052	112120	126958
PP102_RSeQC_readDistribution	21047499	25774768	22045719	39015440	12775841	327.46	24544196	2007713	81.8	57343407	5228087	91.17	1587580244	1641894	1.03	26098899	30215	1.16	1.05	0.8	28587031	21500	0.75	1.38	1.0	3729049	49.56723955769456	7.789451295934071	20.28374028429664	6.3701601504230805	0.11722704933755368	0.47785881137708014	0.6636800765772168	0.0834149118238426	0.6653638938670563	0.8579010294098476	14.46782760566458	96140332	90890313	47895	92952	96398306	95256052	49626	149996
PP103_RSeQC_readDistribution	37732488	42624186	31558431	39015440	11424096	292.81	24544196	2130430	86.8	57343407	4442013	77.46	1587580244	11488520	7.24	26098899	116939	4.48	4.8	4.64	28587031	118231	4.14	5.08	4.93	11065755	26.80191007049378	4.998171695290556	10.4213438820861	26.953054305834723	0.27434893419430934	1.3178832318346207	2.3181087845290467	0.2773800771233496	1.4763472550537389	2.5461999438534733	25.961211317912326	96140332	90890313	426338	444798	96398306	95256052	456016	511050
PP105_RSeQC_readDistribution	23420098	28630564	23083374	39015440	13235070	339.23	24544196	1965185	80.07	57343407	4752501	82.88	1587580244	2628535	1.66	26098899	32893	1.26	1.22	1.0	28587031	27708	0.97	1.57	1.31	5547190	46.227066990367355	6.863940926905945	16.59939706392092	9.180870485122124	0.1148877123063311	0.5000041214696295	0.7461082499108296	0.09677769533286176	0.6786279166557808	1.0075526280236744	19.375063655749152	96140332	90890313	70461	110261	96398306	95256052	94173	166587
PP109_RSeQC_readDistribution	35349899	41496351	35238566	39015440	17843053	457.33	24544196	2141750	87.26	57343407	8410072	146.66	1587580244	5598331	3.53	26098899	74515	2.86	3.23	2.71	28587031	70761	2.48	3.71	3.03	6257785	42.999089245220624	5.161297194541274	20.2670157672418	13.491140461964957	0.17957000604703774	0.9093932138756008	1.3906258890088914	0.1705234274695623	1.1076058229794712	1.6105054634803915	15.080325978542064	96140332	90890313	199694	302850	96398306	95256052	208685	388855
PP111_RSeQC_readDistribution	23440827	27806774	21409525	39015440	11139437	285.51	24544196	2001211	81.53	57343407	4349199	75.84	1587580244	3336215	2.1	26098899	46123	1.77	1.47	1.25	28587031	33031	1.16	1.7	1.44	6397249	40.06015584547852	7.196847070429673	15.640789542864628	11.997849876436584	0.1658696546388301	0.6163857770771971	0.9616110088858204	0.11878760189873158	0.7559201221975623	1.1366654758297385	23.006081180075043	96140332	90890313	95996	125274	96398306	95256052	105873	177166
PP114_RSeQC_readDistribution	8759063	10423457	7354048	39015440	3590333	92.02	24544196	720245	29.34	57343407	1250334	21.8	1587580244	1573595	0.99	26098899	17671	0.68	0.51	0.47	28587031	13541	0.47	0.54	0.54	3069409	34.44474323633705	6.909847663783713	11.995386943122613	15.096670902945156	0.1695310874309742	0.5762003910986537	0.9707048247045102	0.1299089160150994	0.638770803198977	1.1355157890515593	29.44713064005541	96140332	90890313	41121	42389	96398306	95256052	51778	53041
PP116_RSeQC_readDistribution	15721380	19257472	15205348	39015440	8250571	211.47	24544196	1339039	54.56	57343407	3356384	58.53	1587580244	1959919	1.23	26098899	32862	1.26	0.78	0.63	28587031	17611	0.62	0.86	0.75	4052124	42.84347914409534	6.953347770673118	17.428995872355415	10.177446967078545	0.1706454512824944	0.4739147485194319	0.6961453715212464	0.0914502173494008	0.5498644889630373	0.8587575773185597	21.041827296957774	96140332	90890313	42796	58402	96398306	95256052	59485	88279
RSQ_041b_RSeQC_readDistribution	63695948	89150005	87123906	39015440	61007628	1563.68	24544196	7404707	301.69	57343407	15093680	263.22	1587580244	2680934	1.69	26098899	79663	3.05	2.72	2.11	28587031	56438	1.97	3.29	2.21	2026099	68.43255701443876	8.305896337302505	16.930655247860056	3.007216881255363	0.08935837973312508	0.35751428168736504	0.5043690126545702	0.06330678276462239	0.4572876916832478	0.5466202722030133	2.272685234285741	96140332	90890313	130921	239061	96398306	95256052	79640	351234
RSQ_047_RSeQC_readDistribution	44537075	59611148	56615970	39015440	37495302	961.04	24544196	4125740	168.09	57343407	11887341	207.3	1587580244	2267298	1.43	26098899	47685	1.83	1.74	1.21	28587031	40575	1.42	4.11	2.64	2995178	62.8998153164237	6.921087981731203	19.9414730278303	3.8034798457496577	0.07999342673286547	0.342331940998687	0.4331505241267959	0.06806612749682325	0.8538100960578715	0.9764666837149321	5.024526620423415	96140332	90890313	54138	156383	96398306	95256052	73117	468391
RSQ_049_RSeQC_readDistribution	88928267	130154913	121954426	39015440	82526326	2115.22	24544196	10075855	410.52	57343407	22378271	390.25	1587580244	5677945	3.58	26098899	91814	3.52	2.68	1.96	28587031	91196	3.19	5.01	3.99	8200487	63.40623192610486	7.741432703350967	17.193566100727985	4.36245153496434	0.07054209317476937	0.24061020270514108	0.3207631509077187	0.0700672743717327	0.47631394444557	0.6749956492230147	6.300558934721119	96140332	90890313	104323	221352	96398306	95256052	258594	528750
RSQ_051_RSeQC_readDistribution	111458477	142793943	125878689	39015440	66768362	1711.33	24544196	9223302	375.78	57343407	25132780	438.29	1587580244	20321041	12.8	26098899	290928	11.15	10.23	9.18	28587031	252298	8.83	13.28	11.25	16915254	46.75853933104152	6.459168929875409	17.60073254647783	14.231024491003797	0.20373973425469455	0.8382414371735641	1.3700350021149006	0.17668676604861314	1.1518023562105852	1.7345812770223734	11.84591842246418	96140332	90890313	759369	906030	96398306	95256052	832173	1392406
RSQ_054_RSeQC_readDistribution	67116047	88330470	85976792	39015440	54234589	1390.08	24544196	5988946	244.01	57343407	22747377	396.69	1587580244	2013791	1.27	26098899	59031	2.26	2.35	1.8	28587031	64433	2.25	4.51	2.76	2353678	61.399638199592964	6.780158647406721	25.752582319555188	2.279837297367488	0.06682971346127786	0.3117848235156	0.4342906813469916	0.07294538339940906	0.6322178518918783	0.6888653485031836	2.664627506227466	96140332	90890313	108210	216370	96398306	95256052	50037	494008
RSQ_060_RSeQC_readDistribution	42707622	62903167	58919995	39015440	42031570	1077.31	24544196	4867057	198.3	57343407	8340551	145.45	1587580244	3058038	1.93	26098899	58636	2.25	1.47	1.2	28587031	52430	1.83	1.97	1.67	3983172	66.81948144200753	7.737379900124902	13.25934988297171	4.861500852572336	0.0932162922734876	0.27357764037540433	0.40505909662704265	0.08335033433213307	0.38770384963288096	0.5850007520289082	6.3322280736675784	96140332	90890313	82706	113453	96398306	95256052	124106	191448
RSQ_066_RSeQC_readDistribution	56874552	76415241	66728237	39015440	37962326	973.01	24544196	4607743	187.73	57343407	8356199	145.72	1587580244	13231779	8.33	26098899	160952	6.17	5.76	5.6	28587031	152522	5.34	6.54	6.25	9687004	49.67899793707384	6.029874328342431	10.93525177784887	17.315628174227705	0.2106281389598706	0.8818332458049829	1.5612893244686619	0.1995963082809619	1.0596223860630107	1.8021627387133414	12.676795719325154	96140332	90890313	519208	512903	96398306	95256052	567414	657191
