Sample	Samtools_mqc-generalstats-samtools-flagstat_total	Samtools_mqc-generalstats-samtools-mapped_passed	STAR_mqc-generalstats-star-uniquely_mapped_percent	STAR_mqc-generalstats-star-uniquely_mapped	FastQC_mqc-generalstats-fastqc-percent_duplicates	FastQC_mqc-generalstats-fastqc-percent_gc	FastQC_mqc-generalstats-fastqc-avg_sequence_length	FastQC_mqc-generalstats-fastqc-percent_fails	FastQC_mqc-generalstats-fastqc-total_sequences	Picard_mqc-generalstats-picard-PERCENT_DUPLICATION	Picard_mqc-generalstats-picard-summed_median	Picard_mqc-generalstats-picard-summed_mean	featureCounts_mqc-generalstats-featurecounts-percent_assigned	featureCounts_mqc-generalstats-featurecounts-Assigned
PP002	56763347	56763347	33.23	11609390.0										
PP002_R1					63.67070385033465	50.0	84.6428117649069	18.181818181818183	34939877.0					
PP002_R2					61.1622972935304	51.0	84.76537098284577	36.36363636363637	34939877.0					
PP002_libComplexityPicard										0.578255				
PP002_sorted											128	164.622047		
PP002_sorted_q10	23213982	23213982								0.77216				
PP002_sorted_q10_mrkDup	23213982	23213982											86.68332731540845	10061326
PP002_sorted_q10_rmDup	5289078	5289078											80.97180642826595	2141331
PP003	57435205	57435205	17.14	5325474.0										
PP003_R1					60.257752900241876	49.0	79.82434853874665	27.27272727272727	31070382.0					
PP003_R2					58.721322050224515	50.0	79.99479768224285	45.45454545454545	31070382.0					
PP003_libComplexityPicard										0.593999				
PP003_sorted											90	135.180765		
PP003_sorted_q10	10645128	10645128								0.69755				
PP003_sorted_q10_mrkDup	10645128	10645128											70.28710223118031	3741076
PP003_sorted_q10_rmDup	3219624	3219624											63.435978859643235	1021200
PP004	37343140	37343140	15.77	4925225.0										
PP004_R1					66.08267260921964	50.0	79.78037669161537	18.181818181818183	31221932.0					
PP004_R2					63.37983734149556	51.0	79.98539462580342	45.45454545454545	31221932.0					
PP004_libComplexityPicard										0.669511				
PP004_sorted											97	150.349723		
PP004_sorted_q10	9843670	9843670								0.783353				
PP004_sorted_q10_mrkDup	9843670	9843670											70.64407888521252	3476985
PP004_sorted_q10_rmDup	2132604	2132604											57.19917996965213	609916
PP005	82325137	82325137	14.42	5218489.0										
PP005_R1					69.36690179494792	46.0	82.02256828572365	36.36363636363637	36195926.0					
PP005_R2					66.97156661168043	46.0	82.23783742954939	45.45454545454545	36195926.0					
PP005_libComplexityPicard										0.658524				
PP005_sorted											89	111.364525		
PP005_sorted_q10	10430214	10430214								0.746891				
PP005_sorted_q10_mrkDup	10430214	10430214											69.75902891350071	3638008
PP005_sorted_q10_rmDup	2639984	2639984											64.51645161485827	851612
PP007	31108670	31108670	5.34	1808805.0										
PP007_R1					63.945549150446595	51.0	80.6016388897803	27.27272727272727	33841446.0					
PP007_R2					60.55299757490019	51.0	80.8583752597333	36.36363636363637	33841446.0					
PP007_libComplexityPicard										0.57921				
PP007_sorted											87	99.939895		
PP007_sorted_q10	3609974	3609974								0.674434				
PP007_sorted_q10_mrkDup	3609974	3609974											60.24198512233052	1087360
PP007_sorted_q10_rmDup	1175284	1175284											48.22681156214158	283401
PP008	128719351	128719351	39.2	12791522.0										
PP008_R1					73.35216465454094	49.0	83.61133296020029	27.27272727272727	32631792.0					
PP008_R2					69.96342927722245	50.0	83.89620594541667	36.36363636363637	32631792.0					
PP008_libComplexityPicard										0.695911				
PP008_sorted											107	142.351243		
PP008_sorted_q10	25572790	25572790								0.776139				
PP008_sorted_q10_mrkDup	25572790	25572790											59.78533433387597	7644389
PP008_sorted_q10_rmDup	5724762	5724762											54.43080428496416	1558017
PP010	101157720	101157720	11.45	4885992.0										
PP010_R1					71.51357975459715	43.0	87.4008653771605	36.36363636363637	42654003.0					
PP010_R2					67.77895757155365	43.0	87.55731263956632	36.36363636363637	42654003.0					
PP010_libComplexityPicard										0.634911				
PP010_sorted											89	96.872399		
PP010_sorted_q10	9768314	9768314								0.722703				
PP010_sorted_q10_mrkDup	9768314	9768314											61.21858900113162	2990012
PP010_sorted_q10_rmDup	2708724	2708724											57.53557763729342	779240
PP011	36430164	36430164	16.06	5297646.0										
PP011_R1					68.11982932649772	51.0	85.10536570414891	27.27272727272727	32985885.0					
PP011_R2					64.43094683653408	51.0	85.2065837857617	36.36363636363637	32985885.0					
PP011_libComplexityPicard										0.65978				
PP011_sorted											121	156.65146		
PP011_sorted_q10	10591726	10591726								0.784983				
PP011_sorted_q10_mrkDup	10591726	10591726											75.35381863163757	3990635
PP011_sorted_q10_rmDup	2277400	2277400											66.53244928427154	757605
PP012	63784594	63784594	14.77	5712820.0										
PP012_R1					66.89948225426744	49.0	85.96403119206934	27.27272727272727	38689578.0					
PP012_R2					63.161219034428925	50.0	86.11430277166632	36.36363636363637	38689578.0					
PP012_libComplexityPicard										0.637835				
PP012_sorted											99	154.17931		
PP012_sorted_q10	11420894	11420894								0.744384				
PP012_sorted_q10_mrkDup	11420894	11420894											79.20901813815976	4523189
PP012_sorted_q10_rmDup	2919364	2919364											74.95927195101399	1094167
PP015	37626840	37626840	25.13	8198960.0										
PP015_R1					80.45798327696119	48.0	85.45251523059478	27.27272727272727	32623808.0					
PP015_R2					76.34941820656096	49.0	85.66955463936031	36.36363636363637	32623808.0					
PP015_libComplexityPicard										0.819947				
PP015_sorted											164	222.045327		
PP015_sorted_q10	16394598	16394598								0.907718				
PP015_sorted_q10_mrkDup	16394598	16394598											75.53451447848859	6191790
PP015_sorted_q10_rmDup	1512932	1512932											65.61206980882154	496333
PP016	67422922	67422922	26.49	8606786.0										
PP016_R1					65.55810277276066	49.0	80.97913248968712	27.27272727272727	32488974.0					
PP016_R2					61.863499354234705	50.0	81.33421609435865	36.36363636363637	32488974.0					
PP016_libComplexityPicard										0.652761				
PP016_sorted											107	160.005709		
PP016_sorted_q10	17204982	17204982								0.779763				
PP016_sorted_q10_mrkDup	17204982	17204982											77.02458508820294	6626033
PP016_sorted_q10_rmDup	3789176	3789176											67.97282575420091	1287805
PP017	72238178	72238178	19.35	7248188.0										
PP017_R1					67.1904988196261	45.0	88.05972515050703	45.45454545454545	37465523.0					
PP017_R2					65.22590859055637	46.0	88.16619108720303	36.36363636363637	37465523.0					
PP017_libComplexityPicard										0.637628				
PP017_sorted											93	128.600837		
PP017_sorted_q10	14490888	14490888								0.748793				
PP017_sorted_q10_mrkDup	14490888	14490888											58.79220100245064	4259756
PP017_sorted_q10_rmDup	3640206	3640206											49.85542027017152	907420
PP018	42585196	42585196	10.55	4076505.0										
PP018_R1					67.22960596133325	47.0	88.04398687081955	36.36363636363637	38626935.0					
PP018_R2					63.85194449016829	48.0	88.15002867817496	36.36363636363637	38626935.0					
PP018_libComplexityPicard										0.641357				
PP018_sorted											91	124.306594		
PP018_sorted_q10	8148406	8148406								0.731108				
PP018_sorted_q10_mrkDup	8148406	8148406											43.92616175482665	1789641
PP018_sorted_q10_rmDup	2191042	2191042											39.48559635095996	432573
PP019	33269801	33269801	14.99	5756394.0										
PP019_R1					31.292170482559868	50.0	86.15496553649038	18.181818181818183	38396989.0					
PP019_R2					14.775889282637294	51.0	86.21624976895974	27.27272727272727	38396989.0					
PP019_libComplexityPicard										0.505256				
PP019_sorted											121	144.869134		
PP019_sorted_q10	11509382	11509382								0.646563				
PP019_sorted_q10_mrkDup	11509382	11509382											63.16062843339459	3634699
PP019_sorted_q10_rmDup	4067838	4067838											52.89969757891046	1075937
PP020	55354758	55354758	17.84	6494810.0										
PP020_R1					28.313553362969586	51.0	83.16791879723844	18.181818181818183	36413934.0					
PP020_R2					15.992599936336276	51.0	83.34621631378802	27.27272727272727	36413934.0					
PP020_libComplexityPicard										0.531365				
PP020_sorted											113	146.927312		
PP020_sorted_q10	12984394	12984394								0.653429				
PP020_sorted_q10_mrkDup	12984394	12984394											67.06520150266543	4354005
PP020_sorted_q10_rmDup	4500014	4500014											60.173857236888594	1353916
PP026	22750081	22750081	9.05	3823991.0										
PP026_R1					72.67300250069482	49.0	95.39473716952789	27.27272727272727	42275958.0					
PP026_R2					69.77536632248624	50.0	95.26908305661577	36.36363636363637	42275958.0					
PP026_libComplexityPicard										0.588961				
PP026_sorted											137	172.307191		
PP026_sorted_q10	7646672	7646672								0.724807				
PP026_sorted_q10_mrkDup	7646672	7646672											75.86450680766744	2900555
PP026_sorted_q10_rmDup	2104314	2104314											69.53791116724976	731648
PP027	80496318	80496318	51.23	18900224.0										
PP027_R1					74.67205229833615	47.0	94.85791228287955	27.27272727272727	36895420.0					
PP027_R2					71.08969381590467	49.0	94.84942770674517	36.36363636363637	36895420.0					
PP027_libComplexityPicard										0.680954				
PP027_sorted											182	283.162719		
PP027_sorted_q10	37794284	37794284								0.798598				
PP027_sorted_q10_mrkDup	37794284	37794284											76.61073827989439	14477240
PP027_sorted_q10_rmDup	7611854	7611854											72.12857734791025	2745161
PP029	44779699	44779699	15.0	4853551.0										
PP029_R1					61.355393515966725	49.0	82.305222999162	18.181818181818183	32350570.0					
PP029_R2					58.31889786554167	50.0	82.51461176727334	36.36363636363637	32350570.0					
PP029_libComplexityPicard										0.600401				
PP029_sorted											91	162.149152		
PP029_sorted_q10	9702388	9702388								0.711944				
PP029_sorted_q10_mrkDup	9702388	9702388											77.28217012141752	3749108
PP029_sorted_q10_rmDup	2794828	2794828											71.57699865608903	1000227
PP031	113986400	113986400	30.35	11813251.0										
PP031_R1					76.54477727108126	42.0	86.87016733895395	36.36363636363637	38924828.0					
PP031_R2					70.8778699229994	43.0	87.09520468529752	36.36363636363637	38924828.0					
PP031_libComplexityPicard										0.696055				
PP031_sorted											90	143.525815		
PP031_sorted_q10	23615198	23615198								0.786735				
PP031_sorted_q10_mrkDup	23615198	23615198											60.14858736310404	7102104
PP031_sorted_q10_rmDup	5036306	5036306											53.72731521873373	1352936
PP032	26860958	26860958	14.97	5127405.0										
PP032_R1					58.54761637880815	50.0	84.29395089297644	18.181818181818183	34242393.0					
PP032_R2					54.09072273492805	51.0	84.44433582664622	36.36363636363637	34242393.0					
PP032_libComplexityPicard										0.499236				
PP032_sorted											122	160.732601		
PP032_sorted_q10	10250990	10250990								0.681399				
PP032_sorted_q10_mrkDup	10250990	10250990											78.71860181309317	4034718
PP032_sorted_q10_rmDup	3265980	3265980											69.87911744713685	1141119
